1111111111111111111111111111111111111111111111111111111111111111111111111111111
1111111111111111111111111111111111111111111111111111111111111111111111111111111
1111111111111111111111111111111111101111111101111111111111111111111111111111111
1111111111111111111111111111111110011111111111011111111111111111111111111111111
1111111111111111111111111111111100111111111111101111111111111111111111111111111
1111111111111111111111111111111001111111111111100111111111111111111111111111111
1111111111111111111111111111110011111111111111110011111111111111111111111111111
1111111111111111111111111111110011111111111111110001111111111111111111111111111
1111111111111111111111111111100011111111111111111001111111111111111111111111111
1111111111111111111111111111100011111111111111111000111111111111111111111111111
1111111111111111111111111111000011111111111111111000111111111111111111111111111
1111111111111111111111111111000011110000000001111000111111111111111111111111111
1111111111111111111111111111000011000000000000110000111111111111111111111111111
1111111111111111111111111111000010000001100000010000111111111111111111111111111
1111111111111111111111111111000001001111111100100000111111111111111111111111111
1111111111111111111111111100000000111111111111000000001111111111111111111111111
1111111111111111111111111000000000011111111110000000000111111111111111111111111
1111111111111111111111110000000000000111111000000000000011111111111111111111111
1111111111111111111111100000000000000000100000000000000001111111111111111111111
1111111111111111111111100001111110000001110000011111110000111111111111111111111
1111111111111111111111000111100011100011110001110001111000111111111111111111111
1111111111111111111111001111100011110011111011110001111110011111111111111111111
1111111111111111111110011111100011111111111111110001111110011111111111111111111
1111111111111111111110111111100011111101100111110001111111011111111111111111111
1111111111111111111110111111110001111100001111110001111111011111111111111111111
1111111111111111111110111111110001111100001111100011111111111111111111111111111
1111111111111111111110111111110000111100001111000011111111111111111111111111111
1111111111111111111111111111111000011100001110000111111111111111111111111111111
1111111111111111111111111111111100001100001100001111111111111111111111111111111
1111111111111111111111111111111110000100001000011111111111111111111111111111111
1111111111111111111111111111111111000100001000111111111111111111111111111111111
1111111111111111111111111111111111111000000111111111111111111111111111111111111
1111111111111111111111111111111111111000000011111111111111111111111111111111111
1111111111111111111111111111111111110000000001111111111111111111111111111111111
1111111111111111111111111011111111000000000000111111111111111111111111111111111
1111111111111111111111111100011100000000100000000111001111111111111111111111111
1111111111111111111111111111000000000011110000000000111111111111111111111111111
1111111111111111111111111111111111111111111111111111111111111111111111111111111
1111111111111111111111111111111111111111111111111111111111111111111111111111111
